

Parameters
True Func egg2d 	Dim: 2 	obs_samp: 3 	iter: 30 	kernel_types: ['var_l', 'm_ker', 'ard', 'fix_l'] 	lenscale_fun_types: ['gaussian', 'gaussian'] 	seed: 200 
Runs: 2 	Acq_re: 100 	likeli_re: 100 	Bounds: [[-512, 512], [-512, 512]] 	l_params: [[0.5 0.2]
 [0.5 0.3]] 
l_param_bds: [[[0.5, 0.6], [0.35, 0.4]], [[0.5, 0.6], [0.35, 0.4]]] 	ard_len_scale_bds: [[0.5, 3], [0.5, 3]] 
xmax: [512] 	xmin: [-512] 	ymax: 1000 	ymin: -1000 	eps1: 0.001 	eps2: 0.001 	fixed_l: [1, 1] 	Sig_var: 1 	Sig_var_bds: [0.1, 1] 
Test_points: 100 	len_weights:  [1, 1, 1, 1] 	multi_len_scales [0.7, 0.4, 0.3, 0.01] 



###################################################################

Generating results Start time:  003635_03072019
True function: egg2d  
Maximum is  [[959.64008971]]
Regret for initial points:  [matrix([[0.49908366]]), matrix([[0.28196479]]), matrix([[0.28196479]])]
L Recaluated with new data
Testing with Varying Kernel in Run:  1
************  Run: 1     ACQ:EI    ***************


Initial Values for this run
---X---
 [[0.94763226 0.42830868]
 [0.22654742 0.76414069]
 [0.59442014 0.00286059]]
---y---
 [[0.48073639]
 [0.69785526]
 [0.22150137]] 


Starting Optimization
######  run: 1  iteration:  1      var_l   ######
0  New maximum log likelihood  [[-2.48803898]]  found for params  [0.6        0.4        0.56218744 0.4        0.86064485]
1  New maximum log likelihood  [[-1.58888377]]  found for params  [0.59701651 0.39929543 0.52171891 0.39259169 0.38121609]
3  New maximum log likelihood  [[-1.57596001]]  found for params  [0.59912359 0.38119485 0.50383804 0.38001272 0.41405227]
5  New maximum log likelihood  [[-1.52846785]]  found for params  [0.6        0.4        0.5053902  0.4        0.42700966]
59  New maximum log likelihood  [[-1.52758478]]  found for params  [0.6        0.4        0.5        0.4        0.43993821]
99  New maximum log likelihood  [[-1.52727075]]  found for params  [0.6        0.4        0.5        0.4        0.43006847]
Opt Params:  [array([0.6, 0.4]), array([0.5, 0.4])]    variance: 0.43006847105364554
ACQ Function : EI 
New best Fval:  [[0.00106796]]  found at:  [0.87492707 0.07030754]
New best Fval:  [[0.0326472]]  found at:  [0.08923116 1.        ]
New best Fval:  [[0.06390824]]  found at:  [0.5172347  0.85190665]
New best Fval:  [[0.06396221]]  found at:  [0.50966223 0.84876075]
New best Fval:  [[0.06401515]]  found at:  [0.52132193 0.83969424]
New best Fval:  [[0.06403455]]  found at:  [0.50514277 0.83848831]
New best Fval:  [[0.0640378]]  found at:  [0.50554344 0.83818114]
EI Best is  [[0.0640378]] at  [0.50554344 0.83818114]
( [0.50554344 0.83818114] [[0.67303981]] ) is the new value added..    Original:  (array([  5.67648126, 346.29748689]), matrix([[346.07961084]]))
L Recaluated with new data


######  run: 1  iteration:  2      var_l   ######
0  New maximum log likelihood  [[0.27566196]]  found for params  [0.51922853 0.4        0.6        0.3893205  0.40530666]
6  New maximum log likelihood  [[0.29686532]]  found for params  [0.55414949 0.4        0.58305799 0.4        0.3833435 ]
24  New maximum log likelihood  [[0.30734917]]  found for params  [0.51092527 0.4        0.59499833 0.4        0.38343062]
50  New maximum log likelihood  [[0.31200973]]  found for params  [0.51529057 0.4        0.6        0.4        0.37419917]
Opt Params:  [array([0.51529057, 0.4       ]), array([0.6, 0.4])]    variance: 0.3741991704885228
ACQ Function : EI 
New best Fval:  [[0.00183373]]  found at:  [0.97031514 0.18069493]
New best Fval:  [[0.00915445]]  found at:  [0.21619529 0.04871392]
New best Fval:  [[0.02041473]]  found at:  [0.15828215 1.        ]
New best Fval:  [[0.03412919]]  found at:  [0.22541669 0.45742135]
New best Fval:  [[0.03536396]]  found at:  [0.27068694 0.421694  ]
New best Fval:  [[0.03916346]]  found at:  [0.33321751 0.51626312]
New best Fval:  [[0.03918475]]  found at:  [0.34183313 0.53949562]
New best Fval:  [[0.03919153]]  found at:  [0.34787628 0.53381201]
New best Fval:  [[0.03921825]]  found at:  [0.34030796 0.52805169]
EI Best is  [[0.03921825]] at  [0.34030796 0.52805169]
( [0.34030796 0.52805169] [[0.50448296]] ) is the new value added..    Original:  (array([-163.52465177,   28.72493566]), matrix([[8.96591499]]))
L Recaluated with new data


######  run: 1  iteration:  3      var_l   ######
0  New maximum log likelihood  [[0.01880595]]  found for params  [0.52423285 0.4        0.57860673 0.4        0.78959886]
1  New maximum log likelihood  [[1.08076466]]  found for params  [0.5609343  0.4        0.53370313 0.3983888  0.50111297]
2  New maximum log likelihood  [[1.15840871]]  found for params  [0.58118389 0.4        0.51427326 0.4        0.48258089]
10  New maximum log likelihood  [[1.23367186]]  found for params  [0.6        0.4        0.57465727 0.4        0.42875373]
17  New maximum log likelihood  [[1.2377669]]  found for params  [0.6        0.4        0.52930225 0.4        0.41772154]
93  New maximum log likelihood  [[1.23880004]]  found for params  [0.6        0.4        0.52775234 0.4        0.44417802]
Opt Params:  [array([0.6, 0.4]), array([0.52775234, 0.4       ])]    variance: 0.4441780202950857
ACQ Function : EI 
New best Fval:  [[5.30273234e-06]]  found at:  [0.73029579 0.47005763]
New best Fval:  [[0.0996801]]  found at:  [0.15764671 0.98488711]
New best Fval:  [[0.09978433]]  found at:  [0.15253606 0.99304183]
New best Fval:  [[0.09978589]]  found at:  [0.15454837 0.99193382]
EI Best is  [[0.09978589]] at  [0.15454837 0.99193382]
( [0.15454837 0.99193382] [[0.8008908]] ) is the new value added..    Original:  (array([-353.74246588,  503.74023257]), matrix([[601.78159012]]))
L Recaluated with new data


######  run: 1  iteration:  4      var_l   ######
0  New maximum log likelihood  [[3.04663253]]  found for params  [0.55720434 0.4        0.6        0.4        0.42108725]
Opt Params:  [array([0.55720434, 0.4       ]), array([0.6, 0.4])]    variance: 0.42108724770375505
ACQ Function : EI 
New best Fval:  [[2.58568306e-07]]  found at:  [0.87194182 0.56821062]
New best Fval:  [[0.00521078]]  found at:  [0.30193511 0.96254862]
New best Fval:  [[0.00614606]]  found at:  [0.34016501 1.        ]
New best Fval:  [[0.03757067]]  found at:  [0.         0.96149489]
EI Best is  [[0.03757067]] at  [0.         0.96149489]
( [0.         0.96149489] [[0.20402537]] ) is the new value added..    Original:  (array([-512.        ,  472.57076442]), matrix([[-591.94926764]]))
L Recaluated with new data


######  run: 1  iteration:  5      var_l   ######
0  New maximum log likelihood  [[2.30581301]]  found for params  [0.56973644 0.35       0.58742343 0.39580348 0.43195206]
1  New maximum log likelihood  [[2.51207361]]  found for params  [0.59400926 0.35254885 0.53314229 0.38838607 0.5164318 ]
2  New maximum log likelihood  [[2.70319927]]  found for params  [0.6        0.35       0.5        0.3937658  0.43119767]
67  New maximum log likelihood  [[2.720875]]  found for params  [0.6        0.35       0.51044385 0.4        0.43682955]
Opt Params:  [array([0.6 , 0.35]), array([0.51044385, 0.4       ])]    variance: 0.43682954973257143
ACQ Function : EI 
New best Fval:  [[0.000712]]  found at:  [0.81613515 0.91418581]
New best Fval:  [[0.00615682]]  found at:  [0.         0.67253043]
New best Fval:  [[0.07363312]]  found at:  [0.25860846 1.        ]
New best Fval:  [[0.07367105]]  found at:  [0.258099 1.      ]
New best Fval:  [[0.07394992]]  found at:  [0.25088987 1.        ]
EI Best is  [[0.07394992]] at  [0.25088987 1.        ]
( [0.25088987 1.        ] [[0.7949747]] ) is the new value added..    Original:  (array([-255.08877137,  512.        ]), matrix([[589.94940822]]))
L Recaluated with new data


######  run: 1  iteration:  6      var_l   ######
0  New maximum log likelihood  [[3.13211387]]  found for params  [0.59146828 0.36824319 0.54834207 0.38756889 0.77757721]
1  New maximum log likelihood  [[3.91686518]]  found for params  [0.54595063 0.36287882 0.59157059 0.38037098 0.51627855]
5  New maximum log likelihood  [[4.18134404]]  found for params  [0.57490127 0.37275895 0.58356419 0.39871547 0.57675572]
15  New maximum log likelihood  [[4.57964141]]  found for params  [0.6        0.36784034 0.59929331 0.38532778 0.52059319]
16  New maximum log likelihood  [[4.85330532]]  found for params  [0.6        0.35       0.59412796 0.38762529 0.40017922]
20  New maximum log likelihood  [[4.94496849]]  found for params  [0.6        0.35       0.56546877 0.4        0.42612665]
38  New maximum log likelihood  [[5.00467986]]  found for params  [0.6        0.35       0.6        0.4        0.46211726]
Opt Params:  [array([0.6 , 0.35]), array([0.6, 0.4])]    variance: 0.4621172578788208
ACQ Function : EI 
New best Fval:  [[0.00013328]]  found at:  [0.04815472 0.1057414 ]
New best Fval:  [[0.00019316]]  found at:  [0.31746842 0.84330441]
New best Fval:  [[0.00811064]]  found at:  [0.93625003 0.        ]
New best Fval:  [[0.00928529]]  found at:  [0.2058096  0.90600542]
EI Best is  [[0.00928529]] at  [0.2058096  0.90600542]
( [0.2058096  0.90600542] [[0.19664885]] ) is the new value added..    Original:  (array([-301.25097309,  415.74954747]), matrix([[-606.70230584]]))
L Recaluated with new data


######  run: 1  iteration:  7      var_l   ######
0  New maximum log likelihood  [[-13.05551841]]  found for params  [0.6  0.35 0.5  0.35 1.  ]
Opt Params:  [array([0.6 , 0.35]), array([0.5 , 0.35])]    variance: 1.0
ACQ Function : EI 
New best Fval:  [[5.52772678e-20]]  found at:  [0.29689423 0.93699223]
New best Fval:  [[0.44071409]]  found at:  [0.04183762 0.61065734]
New best Fval:  [[0.44340502]]  found at:  [0.04653952 0.62301969]
New best Fval:  [[0.45475385]]  found at:  [0.87867769 0.89872824]
New best Fval:  [[0.45603084]]  found at:  [0.88993244 0.91042592]
New best Fval:  [[0.45610075]]  found at:  [0.89255482 0.9094878 ]
EI Best is  [[0.45610075]] at  [0.89255482 0.9094878 ]
( [0.89255482 0.9094878 ] [[0.84829653]] ) is the new value added..    Original:  (array([401.97614002, 419.31551021]), matrix([[696.59305323]]))
L Recaluated with new data


######  run: 1  iteration:  8      var_l   ######
0  New maximum log likelihood  [[-12.60975315]]  found for params  [0.6  0.35 0.5  0.35 1.  ]
Opt Params:  [array([0.6 , 0.35]), array([0.5 , 0.35])]    variance: 1.0
ACQ Function : EI 
New best Fval:  [[0.00117192]]  found at:  [0.32323212 0.70678736]
New best Fval:  [[0.40602749]]  found at:  [0.04522754 0.62147235]
New best Fval:  [[0.4060465]]  found at:  [0.04303025 0.62309219]
New best Fval:  [[0.40606806]]  found at:  [0.04396064 0.62222132]
New best Fval:  [[0.40608233]]  found at:  [0.04335774 0.6214257 ]
EI Best is  [[0.40608233]] at  [0.04335774 0.6214257 ]
( [0.04335774 0.6214257 ] [[0.55188711]] ) is the new value added..    Original:  (array([-467.60167819,  124.33991997]), matrix([[103.77422245]]))
L Recaluated with new data


######  run: 1  iteration:  9      var_l   ######
0  New maximum log likelihood  [[-12.60444078]]  found for params  [0.6  0.35 0.5  0.35 1.  ]
Opt Params:  [array([0.6 , 0.35]), array([0.5 , 0.35])]    variance: 1.0
ACQ Function : EI 
New best Fval:  [[0.00868139]]  found at:  [0.86540351 0.06186849]
New best Fval:  [[0.05877289]]  found at:  [0.1536597  0.66899754]
New best Fval:  [[0.0849454]]  found at:  [0.79433246 1.        ]
New best Fval:  [[0.17308668]]  found at:  [0.80822681 0.78050293]
New best Fval:  [[0.17320686]]  found at:  [0.80625785 0.78329749]
New best Fval:  [[0.17345175]]  found at:  [0.79792101 0.78191161]
New best Fval:  [[0.17345895]]  found at:  [0.7983125  0.78192313]
New best Fval:  [[0.17346451]]  found at:  [0.79969479 0.77924545]
EI Best is  [[0.17346451]] at  [0.79969479 0.77924545]
( [0.79969479 0.77924545] [[0.34772273]] ) is the new value added..    Original:  (array([306.88746047, 285.9473432 ]), matrix([[-304.55454656]]))
L Recaluated with new data


######  run: 1  iteration:  10      var_l   ######
0  New maximum log likelihood  [[-22.78241706]]  found for params  [0.6  0.35 0.5  0.35 1.  ]
Opt Params:  [array([0.6 , 0.35]), array([0.5 , 0.35])]    variance: 1.0
ACQ Function : EI 
New best Fval:  [[2.31308956e-07]]  found at:  [0.7136704  0.36161351]
New best Fval:  [[0.0201928]]  found at:  [0.         0.74785455]
New best Fval:  [[0.0233259]]  found at:  [0.15984091 0.60382844]
New best Fval:  [[0.10812984]]  found at:  [1. 0.]
New best Fval:  [[0.81881341]]  found at:  [0.77110075 1.        ]
New best Fval:  [[0.8587787]]  found at:  [0.81828688 1.        ]
New best Fval:  [[0.85877887]]  found at:  [0.81833899 1.        ]
EI Best is  [[0.85877887]] at  [0.81833899 1.        ]
( [0.81833899 1.        ] [[0.84550003]] ) is the new value added..    Original:  (array([325.97912322, 512.        ]), matrix([[691.00006858]]))
L Recaluated with new data


######  run: 1  iteration:  11      var_l   ######
0  New maximum log likelihood  [[-26.55617223]]  found for params  [0.6  0.35 0.5  0.35 1.  ]
1  New maximum log likelihood  [[-25.01369262]]  found for params  [0.5  0.35 0.5  0.35 1.  ]
Opt Params:  [array([0.5 , 0.35]), array([0.5 , 0.35])]    variance: 1.0
ACQ Function : EI 
New best Fval:  [[0.00192629]]  found at:  [0.6043965  0.98905463]
New best Fval:  [[0.00585437]]  found at:  [0.36761093 0.72503293]
New best Fval:  [[0.06601018]]  found at:  [0.36986858 0.01956802]
New best Fval:  [[0.37975768]]  found at:  [0.97446842 1.        ]
EI Best is  [[0.37975768]] at  [0.97446842 1.        ]
( [0.97446842 1.        ] [[0.67374844]] ) is the new value added..    Original:  (array([485.85565707, 512.        ]), matrix([[347.49688491]]))
L Recaluated with new data


######  run: 1  iteration:  12      var_l   ######
0  New maximum log likelihood  [[-26.50847074]]  found for params  [0.6  0.35 0.5  0.35 1.  ]
1  New maximum log likelihood  [[-25.30612959]]  found for params  [0.5  0.35 0.5  0.35 1.  ]
Opt Params:  [array([0.5 , 0.35]), array([0.5 , 0.35])]    variance: 1.0
ACQ Function : EI 
New best Fval:  [[1.14284371e-11]]  found at:  [0.85619529 0.65765542]
New best Fval:  [[8.65839829e-11]]  found at:  [0.74209544 0.45790908]
New best Fval:  [[1.77811525e-06]]  found at:  [0.83386854 0.3164378 ]
New best Fval:  [[0.05844604]]  found at:  [0.         0.30628291]
New best Fval:  [[0.0794036]]  found at:  [0.37046096 0.02464156]
New best Fval:  [[0.07984131]]  found at:  [0.3545647  0.01498483]
New best Fval:  [[0.08072883]]  found at:  [0.36698763 0.01339378]
EI Best is  [[0.08072883]] at  [0.36698763 0.01339378]
( [0.36698763 0.01339378] [[0.72235989]] ) is the new value added..    Original:  (array([-136.20467059, -498.28477026]), matrix([[444.71978077]]))
L Recaluated with new data


######  run: 1  iteration:  13      var_l   ######
0  New maximum log likelihood  [[-24.58883787]]  found for params  [0.5  0.35 0.5  0.35 1.  ]
Opt Params:  [array([0.5 , 0.35]), array([0.5 , 0.35])]    variance: 1.0
ACQ Function : EI 
New best Fval:  [[0.04771817]]  found at:  [1.        0.5909478]
New best Fval:  [[0.05016316]]  found at:  [0.         0.33667805]
New best Fval:  [[0.10422033]]  found at:  [0.87689343 0.96804727]
EI Best is  [[0.10422033]] at  [0.87689343 0.96804727]
( [0.87689343 0.96804727] [[0.63418291]] ) is the new value added..    Original:  (array([385.93886736, 479.28040017]), matrix([[268.36581156]]))
L Recaluated with new data


######  run: 1  iteration:  14      var_l   ######
0  New maximum log likelihood  [[-47.25921824]]  found for params  [0.5  0.35 0.5  0.35 1.  ]
Opt Params:  [array([0.5 , 0.35]), array([0.5 , 0.35])]    variance: 1.0
ACQ Function : EI 
New best Fval:  [[0.17098951]]  found at:  [0.         0.26120594]
New best Fval:  [[1.10128278]]  found at:  [0.99277006 0.8019216 ]
New best Fval:  [[1.18866752]]  found at:  [1.         0.82196732]
New best Fval:  [[1.19494419]]  found at:  [1.         0.84134765]
EI Best is  [[1.19494419]] at  [1.         0.84134765]
( [1.         0.84134765] [[0.33139794]] ) is the new value added..    Original:  (array([512.        , 349.53999614]), matrix([[-337.20412222]]))
L Recaluated with new data


######  run: 1  iteration:  15      var_l   ######
0  New maximum log likelihood  [[-76.7824863]]  found for params  [0.5  0.35 0.5  0.35 1.  ]
Opt Params:  [array([0.5 , 0.35]), array([0.5 , 0.35])]    variance: 1.0
ACQ Function : EI 
New best Fval:  [[1.26002287e-21]]  found at:  [0.03588745 0.97075135]
New best Fval:  [[5.3857945e-12]]  found at:  [0.68946793 0.28028336]
New best Fval:  [[0.23905775]]  found at:  [1.         0.94957296]
New best Fval:  [[1.14705347]]  found at:  [0.62117337 1.        ]
EI Best is  [[1.14705347]] at  [0.62117337 1.        ]
( [0.62117337 1.        ] [[0.49745469]] ) is the new value added..    Original:  (array([124.08152869, 512.        ]), matrix([[-5.09061264]]))
L Recaluated with new data


######  run: 1  iteration:  16      var_l   ######
0  New maximum log likelihood  [[-111.26273594]]  found for params  [0.5  0.35 0.5  0.35 1.  ]
Opt Params:  [array([0.5 , 0.35]), array([0.5 , 0.35])]    variance: 1.0
ACQ Function : EI 
New best Fval:  [[1.05204884e-12]]  found at:  [0.80328926 0.30981683]
New best Fval:  [[7.72897757e-10]]  found at:  [0.9354438  0.57180477]
New best Fval:  [[0.0839679]]  found at:  [0.95180323 0.90332735]
New best Fval:  [[0.2337354]]  found at:  [0.         0.22442651]
New best Fval:  [[0.23386111]]  found at:  [0.         0.23094392]
New best Fval:  [[0.23389452]]  found at:  [0.         0.22887837]
EI Best is  [[0.23389452]] at  [0.         0.22887837]
( [0.         0.22887837] [[0.73198462]] ) is the new value added..    Original:  (array([-512.        , -277.62854541]), matrix([[463.96923205]]))
L Recaluated with new data


######  run: 1  iteration:  17      var_l   ######
0  New maximum log likelihood  [[-110.64340609]]  found for params  [0.5  0.35 0.5  0.35 1.  ]
Opt Params:  [array([0.5 , 0.35]), array([0.5 , 0.35])]    variance: 1.0
ACQ Function : EI 
New best Fval:  [[0.00080369]]  found at:  [0.22054902 0.12460367]
New best Fval:  [[0.13431025]]  found at:  [1.         0.35040132]
EI Best is  [[0.13431025]] at  [1.         0.35040132]
( [1.         0.35040132] [[0.44891738]] ) is the new value added..    Original:  (array([ 512.        , -153.18904744]), matrix([[-102.16524403]]))
L Recaluated with new data


######  run: 1  iteration:  18      var_l   ######
0  New maximum log likelihood  [[-114.83047535]]  found for params  [0.5  0.35 0.5  0.35 1.  ]
Opt Params:  [array([0.5 , 0.35]), array([0.5 , 0.35])]    variance: 1.0
ACQ Function : EI 
New best Fval:  [[9.77218187e-26]]  found at:  [0.49318764 0.34602556]
New best Fval:  [[1.32547356e-10]]  found at:  [0.44194562 0.07053268]
New best Fval:  [[1.32584087e-06]]  found at:  [0.94762973 0.02776682]
New best Fval:  [[4.69661268e-05]]  found at:  [0.34950124 0.04223031]
New best Fval:  [[0.03423612]]  found at:  [1.         0.47411581]
New best Fval:  [[0.07673384]]  found at:  [0.93566905 0.89251757]
EI Best is  [[0.07673384]] at  [0.93566905 0.89251757]
( [0.93566905 0.89251757] [[0.88129082]] ) is the new value added..    Original:  (array([446.12511221, 401.93799239]), matrix([[762.58164426]]))
L Recaluated with new data


######  run: 1  iteration:  19      var_l   ######
0  New maximum log likelihood  [[-113.12323497]]  found for params  [0.5  0.35 0.5  0.35 1.  ]
Opt Params:  [array([0.5 , 0.35]), array([0.5 , 0.35])]    variance: 1.0
ACQ Function : EI 
New best Fval:  [[3.37680949e-14]]  found at:  [0.40682768 0.64539157]
New best Fval:  [[5.26264804e-12]]  found at:  [0.41730716 0.08495467]
New best Fval:  [[1.5865543e-10]]  found at:  [0.95108295 0.80001166]
New best Fval:  [[8.56093283e-09]]  found at:  [0.91045761 0.06732999]
New best Fval:  [[0.00090705]]  found at:  [0.33066386 0.73111812]
New best Fval:  [[0.00827329]]  found at:  [0.73472127 0.96496333]
New best Fval:  [[0.0090693]]  found at:  [0.73915893 0.96568484]
New best Fval:  [[0.09811199]]  found at:  [0.75013156 1.        ]
EI Best is  [[0.09811199]] at  [0.75013156 1.        ]
( [0.75013156 1.        ] [[0.61932568]] ) is the new value added..    Original:  (array([256.1347159, 512.       ]), matrix([[238.65135002]]))
L Recaluated with new data


######  run: 1  iteration:  20      var_l   ######
0  New maximum log likelihood  [[-230.79597783]]  found for params  [0.5  0.35 0.5  0.35 1.  ]
Opt Params:  [array([0.5 , 0.35]), array([0.5 , 0.35])]    variance: 1.0
ACQ Function : EI 
New best Fval:  [[7.33400036e-42]]  found at:  [0.68979225 0.39818385]
New best Fval:  [[8.58438029e-21]]  found at:  [0.85508182 0.18657278]
New best Fval:  [[1.96191068e-15]]  found at:  [0.08961572 0.28075578]
New best Fval:  [[1.57299319e-05]]  found at:  [0.01090741 0.2713519 ]
New best Fval:  [[0.00027888]]  found at:  [0.17202952 0.1218703 ]
New best Fval:  [[0.04421565]]  found at:  [0.37166279 0.08168559]
New best Fval:  [[0.1566362]]  found at:  [0.89193214 0.82358054]
New best Fval:  [[0.3303375]]  found at:  [1.         0.49365146]
EI Best is  [[0.3303375]] at  [1.         0.49365146]
( [1.         0.49365146] [[0.54981403]] ) is the new value added..    Original:  (array([512.        ,  -6.50090101]), matrix([[99.62806975]]))
L Recaluated with new data


######  run: 1  iteration:  21      var_l   ######
0  New maximum log likelihood  [[-237.04479353]]  found for params  [0.5  0.35 0.5  0.35 1.  ]
Opt Params:  [array([0.5 , 0.35]), array([0.5 , 0.35])]    variance: 1.0
ACQ Function : EI 
New best Fval:  [[9.50789253e-19]]  found at:  [0.97095887 0.25322672]
New best Fval:  [[8.53360533e-16]]  found at:  [0.14993584 0.23242557]
New best Fval:  [[2.18103699e-14]]  found at:  [0.66400094 0.07156867]
New best Fval:  [[0.00204319]]  found at:  [0.39950912 1.        ]
New best Fval:  [[0.00523059]]  found at:  [0.37855653 0.74237004]
New best Fval:  [[0.11680669]]  found at:  [0.         0.62227156]
EI Best is  [[0.11680669]] at  [0.         0.62227156]
( [0.         0.62227156] [[0.30428648]] ) is the new value added..    Original:  (array([-512.        ,  125.20607947]), matrix([[-391.42703003]]))
L Recaluated with new data


######  run: 1  iteration:  22      var_l   ######
0  New maximum log likelihood  [[-265.63143461]]  found for params  [0.5  0.35 0.5  0.35 1.  ]
Opt Params:  [array([0.5 , 0.35]), array([0.5 , 0.35])]    variance: 1.0
ACQ Function : EI 
New best Fval:  [[2.43724328e-23]]  found at:  [0.65519314 0.91740735]
New best Fval:  [[1.04994657e-14]]  found at:  [0.46929894 0.2643645 ]
New best Fval:  [[1.05191787e-09]]  found at:  [0.42709747 0.18753228]
New best Fval:  [[0.00116566]]  found at:  [0.33716212 1.        ]
New best Fval:  [[0.02267493]]  found at:  [0.07802958 0.7482277 ]
New best Fval:  [[0.10174796]]  found at:  [0.90483503 0.8612513 ]
EI Best is  [[0.10174796]] at  [0.90483503 0.8612513 ]
( [0.90483503 0.8612513 ] [[0.67626797]] ) is the new value added..    Original:  (array([414.55106915, 369.92132902]), matrix([[352.53593496]]))
L Recaluated with new data


######  run: 1  iteration:  23      var_l   ######
0  New maximum log likelihood  [[-470.92314921]]  found for params  [0.5  0.35 0.5  0.35 1.  ]
!!!!!!!!!!!Matrix is not positive definite, inverting with pinv
Eigen [ 1.08046761e+01  4.26568833e+00  2.40407126e+00  1.28293919e+00
  9.11884110e-01  6.45236864e-01  4.71820138e-01  2.28657237e-01
  1.69323139e-01  1.48672001e-01  7.03030546e-02  2.95773888e-02
  2.12934964e-02  1.16357245e-02  9.92381609e-03  8.54901958e-03
  6.43061022e-03  2.32231256e-03  1.81613064e-03  9.77346694e-04
  2.67613917e-04  7.79049641e-05  2.26451452e-05 -1.23099933e-06
  1.02786993e-05] 
 [[0.85984698 0.23596283 0.37873039 0.48073201 0.4628178  0.06822453
  0.01552712 0.13645849 0.1445684  0.53378966 0.07011384 0.66715144
  0.42229123 0.37413175 0.24797009 0.4590621  0.57200754 0.38243029
  0.03567989 0.8354995  0.54278399 0.41753629 0.84080363 0.04531991
  0.59126108]
 [0.23596283 0.85984698 0.17491603 0.71135517 0.75098901 0.6924189
  0.51448815 0.71709097 0.80716848 0.33213766 0.65632693 0.49166008
  0.36723294 0.1801917  0.20452371 0.32067756 0.20309959 0.5370315
  0.22783015 0.14091383 0.27928709 0.43505957 0.18833539 0.57640277
  0.33490662]
 [0.37873039 0.17491603 0.85984698 0.20045129 0.3921971  0.01921499
  0.01265027 0.02615469 0.06853056 0.08909642 0.1407346  0.23176558
  0.03808183 0.02232435 0.66398248 0.05034548 0.10448744 0.04911677
  0.17293086 0.36341176 0.09035305 0.04364544 0.30211809 0.11536689
  0.12427522]
 [0.48073201 0.71135517 0.20045129 0.85984698 0.71814029 0.55633103
  0.33808944 0.67471123 0.67456648 0.65193407 0.4178893  0.75873824
  0.6730407  0.49168534 0.1909571  0.63850092 0.52636657 0.78357059
  0.17493333 0.36566874 0.60434258 0.72503272 0.45516125 0.35562533
  0.65223328]
 [0.4628178  0.75098901 0.3921971  0.71814029 0.85984698 0.4546772
  0.30823861 0.52106765 0.60730325 0.40375879 0.57772862 0.5924063
  0.39283934 0.23947488 0.43483463 0.36960418 0.31430908 0.51403833
  0.39359799 0.36004254 0.36545168 0.44455212 0.39482207 0.50092981
  0.42601753]
 [0.06822453 0.6924189  0.01921499 0.55633103 0.4546772  0.85984698
  0.68435395 0.81513853 0.81799598 0.18798237 0.40927974 0.29971949
  0.24257009 0.08172074 0.02619418 0.19016172 0.08088291 0.44609375
  0.03637133 0.02532205 0.14173206 0.31579707 0.04843249 0.35092721
  0.18078473]
 [0.01552712 0.51448815 0.01265027 0.33808944 0.30823861 0.68435395
  0.85984698 0.55375224 0.6137058  0.06142221 0.32427102 0.14034578
  0.09552278 0.01377637 0.0183874  0.06372701 0.01121137 0.2303283
  0.00405522 0.00275103 0.0364482  0.14191007 0.0061423  0.27300042
  0.05723294]
 [0.13645849 0.71709097 0.02615469 0.67471123 0.52106765 0.81513853
  0.55375224 0.85984698 0.82065119 0.3106203  0.40767167 0.42164376
  0.37357658 0.17588029 0.03333747 0.31325522 0.18035145 0.59400154
  0.06693804 0.0684404  0.25679389 0.45568213 0.11710435 0.34965646
  0.30138161]
 [0.1445684  0.80716848 0.06853056 0.67456648 0.60730325 0.81799598
  0.6137058  0.82065119 0.85984698 0.28695273 0.53536788 0.42006193
  0.34119574 0.15008302 0.08359594 0.2855748  0.15596278 0.54129436
  0.10472824 0.07203909 0.23268354 0.41726775 0.11377532 0.46570313
  0.28145245]
 [0.53378966 0.33213766 0.08909642 0.65193407 0.40375879 0.18798237
  0.06142221 0.3106203  0.28695273 0.85984698 0.09928414 0.80707885
  0.82016851 0.80799635 0.05178563 0.84881761 0.80660179 0.70349811
  0.01707037 0.41090197 0.85293988 0.78860835 0.56120281 0.07066867
  0.85346363]
 [0.07011384 0.65632693 0.1407346  0.4178893  0.57772862 0.40927974
  0.32427102 0.40767167 0.53536788 0.09928414 0.85984698 0.22601497
  0.13263334 0.02519597 0.18813375 0.09678878 0.026715   0.26074713
  0.24549247 0.02520767 0.06521691 0.18263533 0.033165   0.83920634
  0.09888694]
 [0.66715144 0.49166008 0.23176558 0.75873824 0.5924063  0.29971949
  0.14034578 0.42164376 0.42006193 0.80707885 0.22601497 0.85984698
  0.75566564 0.67526066 0.17113209 0.77179418 0.74823983 0.72063661
  0.08232834 0.55175084 0.79023486 0.75512712 0.66331074 0.17832451
  0.82230087]
 [0.42229123 0.36723294 0.03808183 0.6730407  0.39283934 0.24257009
  0.09552278 0.37357658 0.34119574 0.82016851 0.13263334 0.75566564
  0.85984698 0.77804271 0.02327537 0.84650535 0.69904587 0.78185705
  0.02075091 0.30723841 0.78698228 0.84848885 0.44128143 0.10137962
  0.78838113]
 [0.37413175 0.1801917  0.02232435 0.49168534 0.23947488 0.08172074
  0.01377637 0.17588029 0.15008302 0.80799635 0.02519597 0.67526066
  0.77804271 0.85984698 0.00936765 0.82032468 0.77442697 0.59088307
  0.00137552 0.25895214 0.81477373 0.71649144 0.4139811  0.01447763
  0.78398045]
 [0.24797009 0.20452371 0.66398248 0.1909571  0.43483463 0.02619418
  0.0183874  0.03333747 0.08359594 0.05178563 0.18813375 0.17113209
  0.02327537 0.00936765 0.85984698 0.02827474 0.05198381 0.04106686
  0.32531951 0.2126436  0.04894895 0.03015506 0.18271305 0.15747339
  0.07405707]
 [0.4590621  0.32067756 0.05034548 0.63850092 0.36960418 0.19016172
  0.06372701 0.31325522 0.2855748  0.84881761 0.09678878 0.77179418
  0.84650535 0.82032468 0.02827474 0.85984698 0.76418579 0.72717809
  0.01370372 0.33946868 0.83173069 0.81620849 0.48558846 0.06992113
  0.82644207]
 [0.57200754 0.20309959 0.10448744 0.52636657 0.31430908 0.08088291
  0.01121137 0.18035145 0.15596278 0.80660179 0.026715   0.74823983
  0.69904587 0.77442697 0.05198381 0.76418579 0.85984698 0.55037835
  0.00274758 0.45187234 0.83599539 0.64901238 0.62527292 0.01427086
  0.82582862]
 [0.38243029 0.5370315  0.04911677 0.78357059 0.51403833 0.44609375
  0.2303283  0.59400154 0.54129436 0.70349811 0.26074713 0.72063661
  0.78185705 0.59088307 0.04106686 0.72717809 0.55037835 0.85984698
  0.06286551 0.27331271 0.64901091 0.82797526 0.38203943 0.21609428
  0.67620726]
 [0.03567989 0.22783015 0.17293086 0.17493333 0.39359799 0.03637133
  0.00405522 0.06693804 0.10472824 0.01707037 0.24549247 0.08232834
  0.02075091 0.00137552 0.32531951 0.01370372 0.00274758 0.06286551
  0.85984698 0.01256826 0.00929336 0.03529682 0.01154588 0.1909606
  0.01943543]
 [0.8354995  0.14091383 0.36341176 0.36566874 0.36004254 0.02532205
  0.00275103 0.0684404  0.07203909 0.41090197 0.02520767 0.55175084
  0.30723841 0.25895214 0.2126436  0.33946868 0.45187234 0.27331271
  0.01256826 0.85984698 0.41930269 0.30431346 0.81203115 0.01336547
  0.46887854]
 [0.54278399 0.27928709 0.09035305 0.60434258 0.36545168 0.14173206
  0.0364482  0.25679389 0.23268354 0.85293988 0.06521691 0.79023486
  0.78698228 0.81477373 0.04894895 0.83173069 0.83599539 0.64901091
  0.00929336 0.41930269 0.85984698 0.74480633 0.5795262  0.04288242
  0.85417926]
 [0.41753629 0.43505957 0.04364544 0.72503272 0.44455212 0.31579707
  0.14191007 0.45568213 0.41726775 0.78860835 0.18263533 0.75512712
  0.84848885 0.71649144 0.03015506 0.81620849 0.64901238 0.82797526
  0.03529682 0.30431346 0.74480633 0.85984698 0.42814318 0.14546997
  0.75701552]
 [0.84080363 0.18833539 0.30211809 0.45516125 0.39482207 0.04843249
  0.0061423  0.11710435 0.11377532 0.56120281 0.033165   0.66331074
  0.44128143 0.4139811  0.18271305 0.48558846 0.62527292 0.38203943
  0.01154588 0.81203115 0.5795262  0.42814318 0.85984698 0.01797579
  0.61936879]
 [0.04531991 0.57640277 0.11536689 0.35562533 0.50092981 0.35092721
  0.27300042 0.34965646 0.46570313 0.07066867 0.83920634 0.17832451
  0.10137962 0.01447763 0.15747339 0.06992113 0.01427086 0.21609428
  0.1909606  0.01336547 0.04288242 0.14546997 0.01797579 0.85984698
  0.069412  ]
 [0.59126108 0.33490662 0.12427522 0.65223328 0.42601753 0.18078473
  0.05723294 0.30138161 0.28145245 0.85346363 0.09888694 0.82230087
  0.78838113 0.78398045 0.07405707 0.82644207 0.82582862 0.67620726
  0.01943543 0.46887854 0.85417926 0.75701552 0.61936879 0.069412
  0.85984698]]
Opt Params:  [array([0.5 , 0.35]), array([0.5 , 0.35])]    variance: 1.0
ACQ Function : EI 
New best Fval:  [[6.89059001e-07]]  found at:  [0.12003761 0.69459039]
New best Fval:  [[0.00072748]]  found at:  [0.18578752 0.4565341 ]
New best Fval:  [[0.38471337]]  found at:  [1.         0.92874413]
New best Fval:  [[0.41135346]]  found at:  [0.        0.3653155]
New best Fval:  [[0.41181381]]  found at:  [0.        0.3608236]
EI Best is  [[0.41181381]] at  [0.        0.3608236]
( [0.        0.3608236] [[0.24882466]] ) is the new value added..    Original:  (array([-512.        , -142.51663478]), matrix([[-502.35067084]]))
L Recaluated with new data


######  run: 1  iteration:  24      var_l   ######
0  New maximum log likelihood  [[-486.01531105]]  found for params  [0.5  0.35 0.5  0.35 1.  ]
Opt Params:  [array([0.5 , 0.35]), array([0.5 , 0.35])]    variance: 1.0
ACQ Function : EI 
New best Fval:  [[8.21709813e-08]]  found at:  [0.84289519 0.01538936]
New best Fval:  [[0.01927129]]  found at:  [0.14434669 0.51493411]
New best Fval:  [[0.09682963]]  found at:  [0.41794519 0.06860537]
New best Fval:  [[0.1282994]]  found at:  [0.95872447 0.91827464]
EI Best is  [[0.1282994]] at  [0.95872447 0.91827464]
( [0.95872447 0.91827464] [[0.9024031]] ) is the new value added..    Original:  (array([469.73385396, 428.31323385]), matrix([[804.80619548]]))
L Recaluated with new data


######  run: 1  iteration:  25      var_l   ######
0  New maximum log likelihood  [[-564.10443743]]  found for params  [0.5  0.35 0.5  0.35 1.  ]
Opt Params:  [array([0.5 , 0.35]), array([0.5 , 0.35])]    variance: 1.0
ACQ Function : EI 
New best Fval:  [[5.48135128e-92]]  found at:  [0.28612571 0.95473159]
New best Fval:  [[1.74915662e-60]]  found at:  [0.31163584 0.95682869]
New best Fval:  [[2.53424716e-11]]  found at:  [0.45304165 0.16192867]
New best Fval:  [[0.54794423]]  found at:  [0.99623629 0.00939294]
New best Fval:  [[0.54831575]]  found at:  [0.99075757 0.01509532]
EI Best is  [[0.54831575]] at  [0.99075757 0.01509532]
( [0.99075757 0.01509532] [[0.14207856]] ) is the new value added..    Original:  (array([ 502.53575597, -496.5423911 ]), matrix([[-715.84287325]]))
L Recaluated with new data


######  run: 1  iteration:  26      var_l   ######
0  New maximum log likelihood  [[-726.23608528]]  found for params  [0.55930252 0.35       0.5        0.35       1.        ]
1  New maximum log likelihood  [[-566.57960905]]  found for params  [0.5  0.35 0.5  0.35 1.  ]
Opt Params:  [array([0.5 , 0.35]), array([0.5 , 0.35])]    variance: 1.0
ACQ Function : EI 
New best Fval:  [[0.00861882]]  found at:  [0.10147875 0.39214488]
New best Fval:  [[0.02210197]]  found at:  [0.18289277 0.22705678]
New best Fval:  [[0.02528013]]  found at:  [0.33162258 0.09392252]
New best Fval:  [[0.03653605]]  found at:  [0.03689827 0.81284775]
New best Fval:  [[0.13469368]]  found at:  [0.40540937 1.        ]
EI Best is  [[0.13469368]] at  [0.40540937 1.        ]
( [0.40540937 1.        ] [[0.31887728]] ) is the new value added..    Original:  (array([-96.86080945, 512.        ]), matrix([[-362.24544506]]))
L Recaluated with new data


######  run: 1  iteration:  27      var_l   ######
0  New maximum log likelihood  [[-711.34897615]]  found for params  [0.5  0.35 0.5  0.35 1.  ]
Opt Params:  [array([0.5 , 0.35]), array([0.5 , 0.35])]    variance: 1.0
ACQ Function : EI 
New best Fval:  [[4.08303796e-06]]  found at:  [0.29333829 0.16433612]
New best Fval:  [[5.94707971e-06]]  found at:  [0.89701143 0.03209031]
New best Fval:  [[0.00174614]]  found at:  [0.90187954 0.06836315]
New best Fval:  [[0.11504841]]  found at:  [0.55258943 0.74813734]
New best Fval:  [[0.11760606]]  found at:  [0.55846657 0.73626165]
New best Fval:  [[0.30348705]]  found at:  [0.      0.81425]
EI Best is  [[0.30348705]] at  [0.      0.81425]
( [0.      0.81425] [[0.58087165]] ) is the new value added..    Original:  (array([-512.        ,  321.79200301]), matrix([[161.74330067]]))
L Recaluated with new data


######  run: 1  iteration:  28      var_l   ######
1  New maximum log likelihood  [[-1060.9954174]]  found for params  [0.59529217 0.38082132 0.5        0.35       1.        ]
4  New maximum log likelihood  [[-724.00738555]]  found for params  [0.5  0.35 0.5  0.35 1.  ]
Opt Params:  [array([0.5 , 0.35]), array([0.5 , 0.35])]    variance: 1.0
ACQ Function : EI 
New best Fval:  [[3.94531822e-95]]  found at:  [0.7698591  0.64824563]
New best Fval:  [[1.15302803e-21]]  found at:  [0.82684773 0.32259669]
New best Fval:  [[1.63634999e-09]]  found at:  [0.53629336 0.81198862]
New best Fval:  [[3.66155021e-05]]  found at:  [0.18569125 0.68178956]
New best Fval:  [[0.17035386]]  found at:  [0.10187842 0.30824934]
New best Fval:  [[0.17087187]]  found at:  [0.09987718 0.3028798 ]
EI Best is  [[0.17087187]] at  [0.09987718 0.3028798 ]
( [0.09987718 0.3028798 ] [[0.54303362]] ) is the new value added..    Original:  (array([-409.72577026, -201.85108848]), matrix([[86.06723427]]))
L Recaluated with new data


######  run: 1  iteration:  29      var_l   ######
1  New maximum log likelihood  [[-744.18018016]]  found for params  [0.5  0.35 0.5  0.35 1.  ]
Opt Params:  [array([0.5 , 0.35]), array([0.5 , 0.35])]    variance: 1.0
ACQ Function : EI 
New best Fval:  [[4.72672611e-11]]  found at:  [0.23327284 0.60880323]
New best Fval:  [[4.55456343e-09]]  found at:  [0.84682427 0.18753519]
New best Fval:  [[0.21791283]]  found at:  [0.95424386 0.13708251]
EI Best is  [[0.21791283]] at  [0.95424386 0.13708251]
( [0.95424386 0.13708251] [[0.56709289]] ) is the new value added..    Original:  (array([ 465.1457158 , -371.62750829]), matrix([[134.18577167]]))
L Recaluated with new data


######  run: 1  iteration:  30      var_l   ######
6  New maximum log likelihood  [[-752.22561841]]  found for params  [0.5  0.35 0.5  0.35 1.  ]
Opt Params:  [array([0.5 , 0.35]), array([0.5 , 0.35])]    variance: 1.0
ACQ Function : EI 
New best Fval:  [[5.5751213e-11]]  found at:  [0.91749714 0.08199955]
New best Fval:  [[2.64842481e-06]]  found at:  [0.72446137 0.84878547]
New best Fval:  [[0.00784506]]  found at:  [0.18435094 0.6457959 ]
New best Fval:  [[0.16255605]]  found at:  [0.38192717 0.08156364]
New best Fval:  [[0.16284311]]  found at:  [0.37996106 0.07884013]
EI Best is  [[0.16284311]] at  [0.37996106 0.07884013]
( [0.37996106 0.07884013] [[0.37924243]] ) is the new value added..    Original:  (array([-122.91987314, -431.26770688]), matrix([[-241.515133]]))
L Recaluated with new data


Final values:
$X: 
 [[0.94763226 0.22654742 0.59442014 0.50554344 0.34030796 0.15454837
  0.         0.25088987 0.2058096  0.89255482 0.04335774 0.79969479
  0.81833899 0.97446842 0.36698763 0.87689343 1.         0.62117337
  0.         1.         0.93566905 0.75013156 1.         0.
  0.90483503 0.         0.95872447 0.99075757 0.40540937 0.
  0.09987718 0.95424386 0.37996106]
 [0.42830868 0.76414069 0.00286059 0.83818114 0.52805169 0.99193382
  0.96149489 1.         0.90600542 0.9094878  0.6214257  0.77924545
  1.         1.         0.01339378 0.96804727 0.84134765 1.
  0.22887837 0.35040132 0.89251757 1.         0.49365146 0.62227156
  0.8612513  0.3608236  0.91827464 0.01509532 1.         0.81425
  0.3028798  0.13708251 0.07884013]] 
$y:
 [[0.48073639 0.69785526 0.22150137 0.67303981 0.50448296 0.8008908
  0.20402537 0.7949747  0.19664885 0.84829653 0.55188711 0.34772273
  0.84550003 0.67374844 0.72235989 0.63418291 0.33139794 0.49745469
  0.73198462 0.44891738 0.88129082 0.61932568 0.54981403 0.30428648
  0.67626797 0.24882466 0.9024031  0.14207856 0.31887728 0.58087165
  0.54303362 0.56709289 0.37924243]]
True Max:  [[0.97982004]]
EI var_l , Observed Maximum value:  0.9024030977378543
Regret:  [0.28196479 0.28196479 0.17892925 0.17892925 0.17892925 0.17892925
 0.13152352 0.13152352 0.13152352 0.13152352 0.13152352 0.13152352
 0.13152352 0.13152352 0.13152352 0.13152352 0.13152352 0.09852922
 0.09852922 0.09852922 0.09852922 0.09852922 0.09852922 0.07741695
 0.07741695 0.07741695 0.07741695 0.07741695 0.07741695 0.07741695]




L Recaluated with new data
Testing with multi Kernel in Run:  1
************  Run: 1     ACQ:EI    ***************


Initial Values for this run
---X---
 [[0.94763226 0.42830868]
 [0.22654742 0.76414069]
 [0.59442014 0.00286059]]
---y---
 [[0.48073639]
 [0.69785526]
 [0.22150137]] 


Starting Optimization
######  run: 1  iteration:  1      m_ker   ######
New maximum log likelihood  [[-1.92081086]]  found for params  [0.20443946 0.29799883 0.19307371 0.43260613 0.39428797]
New maximum log likelihood  [[-1.8874814]]  found for params  [0.27629904 0.18991498 0.20131973 0.581881   0.41008776]
New maximum log likelihood  [[-1.61362926]]  found for params  [0.78021239 0.65952525 0.16533443 0.15673293 0.32033544]
!!!!!!!!!!!Matrix went non positive definite, inverting with pinv
Opt weights:  [0.78021239 0.65952525 0.16533443 0.15673293]    variance: 0.32033544481899434
ACQ Function : EI 
New best Fval:  [[0.06222411]]  found at:  [0.52373067 0.7803179 ]
New best Fval:  [[0.06245599]]  found at:  [0.4932053  0.74041044]
New best Fval:  [[0.0624593]]  found at:  [0.49027903 0.74349254]
New best Fval:  [[0.06249618]]  found at:  [0.50251847 0.76135352]
